220172755
220221174
220224580
220214351
220206165
220210636
220210995
220214297
220214751
220227136
220216845
220192750
220184973
220177295
220177750
220172755
220238067
220227087
220217868
220176861
220226574
220178796
220187450
220187450
220214954
220190177
220185027
220182721
220174407
220174623
220184898
220217055
220176525
220210636
220211701
220234022
220174623
220200613
220214900
220171821
220218327
220195199
220214954
220172237
220167582
220193515
220228220
220184896
220226801
220232325
220216765
220223494
220199140
220195199
220234269
220195199
220186865